
Fecha: 2026-04-20 22:23:10.950770
Pulsera - Cantidad: 2 - Subtotal: 20000

Fecha: 2026-04-20 22:39:45.005069
Reloj - Cantidad: 3 - Subtotal: 75000
TOTAL: 75000

Fecha: 2026-04-20 22:43:13.601537
Zapatillas - Cantidad: 2 - Subtotal: 70000
TOTAL: 70000

Fecha: 2026-04-20 22:50:23.451554
Camisa - Cantidad: 2 - Subtotal: 20000
TOTAL: 20000
